18
1212
4852
4628
3602
1954
1576
2990
1925
2244
4294
3294
4002
4321
2222
1989
3455
1321
4123
 0  9  1  9 18 11  3 15  6 18 13 25 22 17 11 19 20  8
 9  0  5 18 17  4  8 23 17 17 20 12  2  8 23  3 13 21
 1  5  0 24 25 17 16  8 20 14 12  9 15  9 20  2  4 19
 9 18 24  0 12 15 21 15 14  7  9 22 13  6 12  7 10  9
18 17 25 12  0 12 16 21  8  5  8 19  6  7 15 18 24  5
11  4 17 15 12  0  2  5  5 21  0 24  3  2  8  9 12 24
 3  8 16 21 16  2  0 16  1 17 21 13  7 24 19 17  5  3
15 23  8 15 21  5 16  0  7  4  7  2  4 19 10  9  3 13
 6 17 20 14  8  5  1  7  0  1 18  7 24 18 14 18  3  1
18 17 14  7  5 21 17  4  1  0 12  9 22 20 25 14 18 10
13 20 12  9  8  0 21  7 18 12  0 21 15 21 18 19 23  1
25 12  9 22 19 24 13  2  7  9 21  0 11  5  3 23 14  8
22  2 15 13  6  3  7  4 24 22 15 11  0 11  5 24  1 24
17  8  9  6  7  2 24 19 18 20 21  5 11  0  3  6 22 17
11 23 20 12 15  8 19 10 14 25 18  3  5  3  0 16  5 10
19  3  2  7 18  9 17  9 18 14 19 23 24  6 16  0  7  3
20 13  4 10 24 12  5  3  3 18 23 14  1 22  5  7  0  5
 8 21 19  9  5 24  3 13  1 10  1  8 24 17 10  3  5  0