16
1001
3186
2952
4881
3683
4788
3460
1678
3487
4203
2267
2398
3455
4685
2513
2815
 0  9 14  6  4  3  5  9  9 11  5 13 11  9  7  7
 9  0  6  1  6 10  1 15  3  8  5  3  6  4 11 15
14  6  0 13 12  9  8  4  5  3 12  3  2 13 14 13
 6  1 13  0  8 13  6 10 11  6 11  5 11  1 13 14
 4  6 12  8  0 12  6  2  2  5 14  1  4 14  3  1
 3 10  9 13 12  0  6  3  2 10 14 14  3  1  8 14
 5  1  8  6  6  6  0  8 14  9 12  3  1  6  3 10
 9 15  4 10  2  3  8  0 12 13 14  9  9  8 10 12
 9  3  5 11  2  2 14 12  0  3 15 12  3  4  7 13
11  8  3  6  5 10  9 13  3  0  5 11  5  1 10  6
 5  5 12 11 14 14 12 14 15  5  0  6  8 10  5 13
13  3  3  5  1 14  3  9 12 11  6  0  8  1  1  3
11  6  2 11  4  3  1  9  3  5  8  8  0  7  2  8
 9  4 13  1 14  1  6  8  4  1 10  1  7  0  5  9
 7 11 14 13  3  8  3 10  7 10  5  1  2  5  0  4
 7 15 13 14  1 14 10 12 13  6 13  3  8  9  4  0