20
1000
3186
2952
4881
3683
4788
3460
1678
3487
4203
2267
2398
3455
4685
2513
2815
2734
1900
2410
1820
 0  8 24  5 14 28 18  7  2  2  7 24 20 12 12 12 12 13 11 25
 8  0 13 29  2 11 20 24 23 18 15 12  4 11 10  6 30 27  0 29
24 13  0  1 20  6 15  3  7 12 19 29 19 21 12  5 13 26  2 12
 5 29  1  0  6  5 16 10  9  4  6 14 13  8  4 29 10 26 14 28
14  2 20  6  0  9 25 10 28 18 26  5 22 13  1  3 24  1 15 22
28 11  6  5  9  0 25 20 22  8 12 21  0 25 23 24 30  1 13 11
18 20 15 16 25 25  0 22 29 16  2  7  2  1  2 23 22 19  1 13
 7 24  3 10 10 20 22  0 21 14 18  7 24 27 20 28 13 25 12  8
 2 23  7  9 28 22 29 21  0 19 14  2 21 14 20 16 10 11 11 10
 2 18 12  4 18  8 16 14 19  0 20 21 20 24 12  8 17  1  2 17
 7 15 19  6 26 12  2 18 14 20  0  9 29 13 15 29  4 29  8  2
24 12 29 14  5 21  7  7  2 21  9  0  6 16 27 29 17 20 29  4
20  4 19 13 22  0  2 24 21 20 29  6  0 26 23  4 30 16  5 27
12 11 21  8 13 25  1 27 14 24 13 16 26  0 16 28  9 22 20 17
12 10 12  4  1 23  2 20 20 12 15 27 23 16  0 10 29 28 15  3
12  6  5 29  3 24 23 28 16  8 29 29  4 28 10  0  4  3 30  5
12 30 13 10 24 30 22 13 10 17  4 17 30  9 29  4  0 29 24 30
13 27 26 26  1  1 19 25 11  1 29 20 16 22 28  3 29  0  0 30
11  0  2 14 15 13  1 12 11  2  8 29  5 20 15 30 24  0  0  6
25 29 12 28 22 11 13  8 10 17  2  4 27 17  3  5 30 30  6  0